rid,rating
1,無
2,無
3,無
4,無
5,無
6,無
7,無
8,4.0
9,3.2
10,3.1
11,3.6
12,無
13,4.4
14,4.3
15,4.3
16,4.3
17,4.2
18,3.1
19,4.0
20,3.3
21,3.2
22,3.5
23,3.7
24,3.7
25,3.7
26,4.3
27,3.7
28,3.8
29,4.2
30,3.8
31,4.1
32,3.5
33,4.8
34,3.7
35,3.8
36,3.2
37,3.6
38,3.2
39,3.5
40,2.7
41,3.5
42,4.2
43,3.4
44,3.2
45,3.4
46,2.7
47,2.6
48,3.5
49,4.1
50,3.8
51,3.3
52,4.2
53,3.7
54,4.1
55,3.7
56,3.7
57,3.6
58,3.7
59,3.9
60,3.4
61,4.3
62,3.7
63,3.7
64,4.0
65,4.2
66,4.0
67,3.8
68,4.0
69,4.0
70,3.9
71,4.2
72,4.2
73,4.6
74,3.4
75,4.5
76,4.4
77,4.2
78,4.0
79,4.3
80,4.0
81,5.0
82,4.4
83,4.2
84,4.2
85,4.1
86,4.6
87,4.7
88,3.5
89,4.6
90,4.2
91,4.0
92,3.9
93,3.9
94,3.8
95,4.4
96,3.7
97,3.0
98,4.3
99,4.1
100,4.1
101,4.2
102,4.1
103,4.1
104,3.0
105,無
106,4.3
107,4.0
108,4.4
109,4.1
110,4.3
111,4.3
112,4.6
113,4.0
114,1.8
115,4.0
116,4.4
117,4.2
118,4.1
119,4.1
120,4.1
121,4.3
122,4.3
123,4.1
124,4.0
125,4.5
126,無
127,4.2
128,4.3
129,3.9
130,4.2
131,4.2
132,3.9
133,4.6
134,4.3
135,4.1
136,4.0
137,4.3
138,3.8
139,4.1
140,3.2
141,4.1
142,4.1
143,4.2
144,4.5
145,4.5
146,3.9
147,4.4
148,4.0
149,3.9
150,4.1
151,4.2
152,4.2
153,4.6
154,4.2
155,4.8
156,3.7
157,4.2
158,3.9
159,4.5
160,4.3
161,4.2
162,4.3
163,4.2
164,4.0
165,3.9
166,3.3
167,3.9
168,4.3
169,4.0
170,3.9
171,3.4
172,4.4
173,4.1
174,4.5
175,4.4
176,4.5
177,4.8
178,3.6
179,無
180,3.6
181,4.3
182,3.5
183,3.8
184,4.0
185,4.4
186,3.8
187,4.0
188,4.1
189,3.9
190,3.5
191,4.6
192,4.0
193,2.9
194,4.5
195,4.1
196,4.2
197,4.6
198,4.0
199,4.0
200,3.9
201,3.5
202,3.8
203,3.8
204,4.1
205,4.0
206,5.0
207,4.0
208,4.5
209,3.3
210,4.2
211,4.3
212,5.0
213,3.6
214,4.0
215,4.2
216,3.8
217,3.1
218,無
219,無
220,4.1
221,3.8
222,3.7
223,3.9
224,4.6
225,4.3
226,4.1
227,5.0
228,3.9
229,4.2
230,4.1
231,4.1
232,3.9
233,4.1
234,4.1
235,4.1
236,4.1
237,4.1
238,4.0
239,4.1
240,4.1
241,4.0
242,3.8
243,3.9
244,3.7
245,3.8
246,3.9
247,無
248,無
249,4.0
250,4.0
251,4.0
252,4.1
253,4.2
254,4.4
255,4.3
256,4.3
257,4.2
258,4.2
259,3.7
260,3.7
261,3.7
262,3.8
263,4.0
264,3.8
265,3.7
266,3.8
267,3.8
268,3.8
269,4.2
270,3.8
271,3.9
272,3.9
273,4.0
274,4.0
275,3.6
276,3.4
277,4.1
278,3.9
279,3.7
280,3.8
281,3.3
282,4.3
283,4.0
284,3.7
285,3.5
286,3.5
287,4.1
288,4.0
289,3.8
290,4.3
291,4.3
292,4.3
293,4.2
294,4.0
295,4.4
296,4.1
297,4.2
298,4.1
299,4.1
300,3.6
301,3.7
302,無
303,4.0
304,4.2
305,4.1
306,4.1
307,3.9
308,3.9
309,4.1
310,4.0
311,4.1
312,4.1
313,4.1
314,4.1
315,4.1
316,4.0
317,4.1
318,4.1
319,3.2
320,3.8
321,3.4
322,4.2
323,4.2
324,4.0
325,3.6
326,4.1
327,3.8
328,3.7
329,4.0
330,3.9
331,3.8
332,4.1
333,3.7
334,3.7
335,4.0
336,3.9
337,4.1
338,4.7
339,3.9
340,3.7
341,4.5
342,3.6
343,3.1
344,4.1
345,4.1
346,4.4
347,3.3
348,4.4
349,3.9
350,4.0
351,3.8
352,4.0
353,4.3
354,3.8
355,4.1
356,3.6
357,3.7
358,4.0
359,4.0
360,4.0
361,4.2
362,3.5
363,3.9
364,3.3
365,3.1
366,3.3
367,3.7
368,3.9
369,4.4
370,4.3
371,3.9
372,2.3
373,3.6
374,3.2
375,3.9
376,無
377,3.0
378,4.8
379,無
380,1.0
381,5.0
382,3.2
383,無
384,3.8
385,4.8
386,4.9
387,4.8
388,5.0
389,4.1
390,2.1
391,2.6
392,4.2
393,4.5
394,5.0
395,4.2
396,5.0
397,4.8
398,2.9
399,2.6
400,無
401,4.2
402,4.0
403,2.1
404,2.3
405,4.1
406,4.1
407,3.0
408,4.0
409,4.0
410,3.2
411,4.2
412,3.5
413,4.3
414,4.2
415,3.3
416,3.3
417,3.9
418,4.6
419,3.7
420,3.5
421,3.4
422,3.6
423,4.1
424,4.2
425,3.7
426,3.2
427,4.8
428,3.6
429,3.2
430,3.3
431,3.7
432,4.4
433,3.2
434,3.6
435,3.8
436,3.3
437,無
438,4.3
439,4.0
440,3.7
441,3.7
442,3.5
443,3.7
444,4.4
445,3.4
446,3.7
447,4.1
448,3.3
449,3.5
450,3.3
451,4.1
452,3.7
453,3.2
454,3.8
455,3.7
456,3.4
457,3.0
458,4.3
459,3.2
460,4.0
461,3.5
462,2.8
463,2.3
464,無
465,3.7
466,3.5
467,3.4
468,3.9
469,4.3
470,4.2
471,3.6
472,3.5
473,4.2
474,4.5
475,4.2
476,4.0
477,3.8
478,無
479,3.8
480,無
481,3.2
482,3.3
483,4.5
484,4.1
485,無
486,3.1
487,3.3
488,2.3
489,2.9
490,3.0
491,2.3
492,3.3
493,3.5
494,4.0
495,4.0
496,3.8
497,4.2
498,2.9
499,3.9
500,4.4
501,4.2
502,4.1
503,4.2
504,3.8
505,3.5
506,3.8
507,4.1
508,4.0
509,3.7
510,3.7
511,3.0
512,4.0
513,4.0
514,4.2
515,3.4
516,3.3
517,4.0
518,3.4
519,3.8
520,3.7
521,3.3
522,3.8
523,5.0
524,3.8
525,3.5
526,3.6
527,3.8
528,3.7
529,3.7
530,3.5
531,3.3
532,3.5
533,3.7
534,2.8
535,2.7
536,3.4
537,3.3
538,無
539,4.1
540,3.6
541,3.4
542,3.7
543,3.9
544,3.8
545,3.8
546,3.4
547,4.0
548,3.8
549,3.5
550,3.5
551,3.7
552,3.9
553,3.3
554,3.7
555,3.8
556,4.0
557,3.9
558,3.6
559,4.1
560,3.8
561,3.7
562,3.5
563,3.7
564,3.6
565,3.7
566,3.6
567,3.7
568,3.8
569,3.8
570,3.7
571,3.1
572,3.8
573,3.8
574,3.4
575,4.0
576,3.5
577,3.7
578,4.0
579,3.6
580,4.0
581,4.1
582,3.8
583,4.3
584,3.5
585,3.9
586,4.0
587,4.1
588,3.6
589,3.6
590,3.7
591,3.1
592,3.6
593,3.6
594,3.6
595,4.0
596,3.9
597,3.6
598,3.8
599,3.6
600,3.6
601,4.0
602,3.9
603,3.7
604,3.8
605,3.4
606,3.3
607,3.9
608,3.8
609,3.5
610,3.5
611,3.7
612,3.9
613,3.4
614,3.5
615,3.7
616,3.3
617,3.6
618,3.4
619,4.5
620,4.5
621,4.2
622,4.2
623,3.7
624,4.0
625,4.0
626,4.9
627,5.0
628,4.9
629,5.0
630,3.2
631,3.5
632,4.3
633,3.8
634,3.9
635,3.8
636,3.7
637,4.0
638,2.7
639,4.4
640,2.5
641,4.1
642,4.1
643,3.9
644,3.9
645,4.0
646,4.5
647,3.8
648,4.1
649,3.5
650,3.6
651,3.8
652,3.4
653,3.4
654,3.4
655,4.1
656,3.9
657,3.8
658,4.2
659,4.2
660,4.0
661,3.6
662,3.2
663,3.5
664,3.1
665,4.1
666,3.5
667,3.5
668,3.6
669,3.8
670,4.2
671,3.4
672,4.9
673,4.1
674,3.4
675,3.4
676,3.7
677,4.3
678,4.2
679,4.1
680,4.8
681,2.7
682,2.7
683,2.8
684,2.7
685,4.5
686,4.5
687,4.4
688,4.2
689,2.8
690,2.9
691,2.8
692,2.7
693,無
694,無
695,2.8
696,2.6
697,4.2
698,無
699,2.7
700,4.4
701,3.5
702,3.2
703,3.0
704,4.4
705,3.8
706,4.4
707,3.2
708,3.6
709,3.8
710,3.7
711,4.0
712,3.3
713,3.4
714,3.5
715,3.7
716,3.9
717,3.7
718,3.5
719,3.3
720,3.8
721,3.9
722,3.6
723,3.8
724,4.9
725,3.8
726,3.4
727,3.6
728,3.5
729,3.9
730,3.4
731,3.6
732,3.8
733,3.6
734,3.4
735,4.0
736,3.2
737,2.4
738,3.6
739,3.5
740,4.8
741,4.1
742,4.4
743,4.4
744,無
745,4.1
746,4.1
747,無
748,4.4
749,無
750,無
751,無
752,4.1
753,2.9
754,無
755,3.7
756,無
757,4.3
758,4.4
759,4.4
760,4.4
761,4.0
762,無
763,無
764,無
765,4.4
766,4.4
767,4.4
768,4.4
769,4.0
770,無
771,無
772,無
773,4.4
774,無
775,3.5
776,3.5
777,3.7
778,3.8
779,4.1
780,3.9
781,3.7
782,4.0
783,3.9
784,3.9
785,3.8
786,3.7
787,3.8
788,4.5
789,4.0
790,3.7
791,3.4
792,3.4
793,3.7
794,2.3
795,3.3
796,2.8
797,無
798,3.4
799,3.5
800,無
801,無
802,無
803,無
804,無
805,無
806,無
807,無
808,無
809,無
810,無
811,無
812,無
813,無
814,無
815,無
816,無
817,無
818,無
819,無
820,無
821,無
822,3.8
823,3.7
824,4.3
825,2.2
826,3.4
827,3.5
828,3.6
829,3.2
830,4.5
831,4.1
832,4.5
833,4.0
834,4.5
835,4.3
836,4.2
837,4.4
838,4.6
839,4.3
840,4.3
841,4.9
842,5.0
843,4.3
844,4.5
845,4.4
846,4.2
847,4.1
848,3.6
849,4.1
850,無
851,3.5
852,3.5
853,4.0
854,4.7
855,4.0
856,3.7
857,3.7
858,3.1
859,無
860,3.8
861,3.8
862,3.9
863,3.6
864,3.4
865,3.4
866,3.7
867,3.0
868,3.9
869,3.1
870,7.2/10
871,3.8
872,無
873,3.5
874,3.8
875,4.1
876,3.9
877,4.2
878,3.9
879,2.8
880,3.0
881,4.1
882,4.0
883,3.4
884,3.9
885,3.5
886,3.3
887,4.0
888,2.7
889,3.0
890,3.8
891,3.6
892,3.9
893,3.9
894,4.2
895,3.9
896,4.2
897,3.3
898,3.6
899,3.7
900,3.3
901,3.2
902,3.7
903,3.8
904,3.6
905,3.6
906,3.5
907,4.2
908,3.8
909,無
910,2.7
911,3.5
912,4.2
913,3.1
914,4.3
915,3.4
916,3.6
917,3.8
918,3.2
919,3.3
920,3.9
921,3.5
922,4.2
923,4.0
924,4.1
925,4.1
926,3.1
927,3.7
928,3.2
929,3.6
930,4.0
931,3.8
932,3.7
933,4.1
934,3.6
935,3.4
936,4.2
937,3.0
938,3.7
939,4.2
940,3.7
941,3.6
942,3.1
943,3.9
944,4.5
945,3.7
946,4.2
947,3.8
948,3.1
949,3.5
950,4.1
951,4.2
952,2.3
953,4.7
954,4.7
955,3.8
956,3.3
957,3.2
958,3.3
959,3.7
960,3.6
961,3.5
962,3.5
963,3.6
964,3.2
965,3.5
966,3.8
967,3.5
968,3.3
969,3.6
970,4.3
971,4.3
972,4.3
973,4.3
974,4.1
975,4.0
976,2.8
977,4.4
978,4.6
979,3.6
980,4.4
981,1.0
982,4.3
983,4.1
984,4.3
985,4.5
986,4.5
987,4.9
988,4.9
989,4.4
990,4.3
991,4.0
992,3.9
993,5.0
994,4.4
995,4.1
996,4.0
997,3.7
998,4.5
999,4.5
1000,3.9
1001,4.5
1002,3.8
1003,4.0
1004,4.4
1005,4.3
1006,4.4
1007,4.0
1008,4.5
1009,4.5
1010,3.9
1011,3.7
1012,3.7
1013,4.0
1014,4.2
1015,3.2
1016,4.5
1017,3.5
1018,4.8
1019,4.3
1020,4.4
1021,4.1
1022,3.4
1023,4.1
1024,5.0
1025,4.6
1026,4.1
1027,3.4
1028,3.5
1029,4.3
1030,4.0
1031,4.2
1032,4.6
1033,無
1034,3.8
1035,4.3
1036,4.1
1037,3.7
1038,4.1
1039,4.0
1040,3.7
1041,3.9
1042,4.1
1043,3.4
1044,4.1
1045,4.0
1046,4.7
1047,3.9
1048,3.5
1049,無
1050,3.9
1051,4.1
1052,3.5
1053,4.0
1054,4.3
1055,4.1
1056,3.1
1057,3.9
1058,3.9
1059,4.1
1060,5.0
1061,4.5
1062,3.5
1063,3.6
1064,4.0
1065,4.1
1066,3.5
1067,3.6
1068,3.8
1069,無
1070,無
1071,3.0
1072,無
1073,4.3
1074,3.9
1075,3.3
1076,3.4
1077,3.5
1078,3.5
1079,3.8
1080,4.1
1081,3.7
1082,4.8
1083,無
1084,3.8
1085,4.3
1086,3.9
1087,4.2
1088,4.9
1089,4.3
1090,3.9
1091,4.2
1092,4.5
1093,無
1094,4.6
1095,4.5
1096,4.2
1097,3.9
1098,4.4
1099,3.9
1100,4.6
1101,4.3
1102,5.0
1103,5.0
1104,4.3
1105,4.5
1106,無
1107,無
1108,無
1109,4.6
1110,4.5
1111,4.5
1112,3.7
1113,4.0
1114,3.6
1115,3.8
1116,3.8
1117,4.2
1118,4.1
1119,3.8
1120,4.0
1121,3.9
1122,8.4/10
1123,4.5
1124,4.7
1125,4.0
1126,3.8
1127,3.8
1128,4.0
1129,無
1130,4.7
1131,4.5
1132,4.1
1133,4.7
1134,4.7
1135,4.8
1136,4.0
1137,5.0
1138,4.5
1139,5.0
1140,4.5
1141,4.7
1142,4.6
1143,4.7
1144,4.9
1145,4.7
1146,4.7
1147,3.5
1148,2.9
1149,3.9
1150,4.4
1151,4.6
1152,4.1
1153,4.3
1154,2.7
1155,4.7
1156,4.0
1157,4.2
1158,4.4
1159,4.8
1160,3.1
1161,7.4/10
1162,4.7
1163,4.7
1164,4.8
1165,4.7
1166,4.2
1167,2.9
1168,4.2
1169,2.8
1170,4.2
1171,4.6
1172,4.7
1173,4.7
1174,4.9
1175,4.0
1176,4.3
1177,4.6
1178,4.3
1179,4.2
1180,4.4
1181,4.3
1182,4.7
1183,3.7
1184,4.9
1185,4.4
1186,3.7
1187,4.2
1188,無
1189,4.2
1190,4.5
1191,4.9
1192,3.9
1193,4.4
1194,4.5
1195,4.5
1196,3.6
1197,4.2
1198,無
1199,3.8
1200,4.0
1201,4.3
1202,4.3
1203,4.5
1204,4.4
1205,5.0
1206,4.2
1207,4.8
1208,4.7
1209,4.7
1210,3.8
1211,3.8
1212,4.5
1213,4.8
1214,3.9
1215,4.6
1216,4.8
1217,5.0
1218,8.6/10
1219,4.1
1220,4.2
1221,3.7
1222,2.6
1223,4.2
1224,4.1
1225,3.8
1226,4.3
1227,4.2
1228,4.1
1229,4.1
1230,4.7
1231,3.7
1232,3.3
1233,4.0
1234,4.2
1235,3.8
1236,5.0
1237,4.0
1238,4.0
1239,無
1240,4.4
1241,3.9
1242,4.0
1243,3.9
1244,3.8
1245,3.9
1246,4.4
1247,4.2
1248,3.8
1249,無
1250,4.0
1251,無
1252,4.1
1253,3.9
1254,4.7
1255,3.9
1256,4.2
1257,3.8
1258,4.6
1259,4.0
1260,3.3
1261,3.8
1262,3.8
1263,3.8
1264,4.1
1265,2.5
1266,3.3
1267,4.0
1268,4.0
1269,3.9
1270,4.3
1271,4.0
1272,無
1273,3.4
1274,無
1275,4.3
1276,4.1
1277,4.0
1278,無
1279,4.5
1280,3.6
1281,4.3
1282,4.0
1283,4.3
1284,4.0
1285,3.0
1286,3.9
1287,4.7
1288,4.0
1289,4.0
1290,3.6
1291,4.6
1292,4.0
1293,3.6
1294,3.9
1295,4.3
1296,4.2
1297,4.1
1298,4.5
1299,2.7
1300,4.2
1301,3.5
1302,3.9
1303,3.8
1304,4.1
1305,無
1306,3.6
1307,3.9
1308,3.8
1309,4.1
1310,3.6
1311,4.0
1312,3.2
1313,4.0
1314,3.7
1315,5.0
1316,4.1
1317,4.0
1318,3.7
1319,3.4
1320,4.1
1321,無
1322,4.4
1323,3.0
1324,4.2
1325,5.0
1326,4.1
1327,4.2
1328,4.1
1329,無
1330,無
1331,3.8
1332,4.2
1333,3.9
1334,3.8
1335,4.7
1336,3.8
1337,3.6
1338,4.0
1339,4.1
1340,3.8
1341,5.0
1342,4.0
1343,4.3
1344,無
1345,無
1346,3.8
1347,3.9
1348,3.9
1349,4.0
1350,3.7
1351,無
1352,4.1
1353,無
1354,無
1355,4.0
1356,4.0
1357,3.9
1358,4.4
1359,無
1360,4.2
1361,4.1
1362,無
1363,4.1
1364,3.6
1365,3.9
1366,3.7
1367,4.4
1368,4.0
1369,4.1
1370,3.9
1371,3.9
1372,4.3
1373,4.1
1374,4.0
1375,3.9
1376,4.3
1377,3.7
1378,3.8
1379,4.1
1380,4.1
1381,4.1
1382,4.1
1383,3.8
1384,3.3
1385,4.1
1386,3.7
1387,2.2
1388,4.1
1389,2.9
1390,3.8
1391,3.5
1392,無
1393,3.9
1394,4.1
1395,4.0
1396,3.8
1397,3.3
1398,無
1399,4.4
1400,4.4
1401,5.0
1402,4.0
1403,3.9
1404,3.3
1405,4.6
1406,3.1
1407,3.9
1408,4.1
1409,3.4
1410,4.2
1411,3.9
1412,4.1
1413,4.1
1414,3.8
1415,4.4
1416,3.9
1417,3.9
1418,5.0
1419,4.2
1420,4.2
1421,4.0
1422,無
1423,3.8
1424,4.1
1425,3.8
1426,4.3
1427,4.2
1428,4.3
1429,4.4
1430,3.9
1431,4.1
1432,4.4
1433,4.1
1434,4.2
1435,3.6
1436,4.3
1437,4.4
1438,4.0
1439,4.2
1440,5.0
1441,3.8
1442,4.3
1443,3.9
1444,無
1445,無
1446,4.2
1447,3.8
1448,4.1
1449,3.7
1450,3.3
1451,3.8
1452,3.9
1453,3.7
1454,4.0
1455,2.9
1456,4.1
1457,4.0
1458,4.3
1459,4.4
1460,4.1
1461,3.8
1462,3.4
1463,3.8
1464,3.5
1465,3.6
1466,3.7
1467,3.7
1468,3.6
1469,3.9
1470,4.1
1471,3.6
1472,3.5
1473,4.0
1474,4.2
1475,無
1476,4.1
1477,4.3
1478,4.0
1479,3.6
1480,4.1
1481,3.5
1482,4.2
1483,無
1484,4.0
1485,3.6
1486,4.4
1487,4.0
1488,4.0
1489,3.3
1490,4.1
1491,4.0
1492,4.1
1493,無
1494,3.5
1495,4.2
1496,無
1497,4.5
1498,3.9
1499,4.1
1500,4.3
1501,4.0
1502,4.3
1503,4.0
1504,4.1
1505,3.9
1506,4.1
1507,4.1
1508,4.2
1509,4.2
1510,4.2
1511,4.1
1512,4.1
1513,無
1514,3.6
1515,4.2
1516,無
1517,5.0
1518,3.4
1519,3.9
1520,3.7
1521,4.2
1522,4.1
1523,3.9
1524,4.2
1525,3.6
1526,4.0
1527,4.2
1528,4.5
1529,4.4
1530,4.0
1531,4.4
1532,4.1
1533,3.8
1534,3.7
1535,5.0
1536,4.1
1537,4.4
1538,4.3
1539,4.1
1540,4.1
1541,3.9
1542,4.8
1543,4.2
1544,4.1
1545,4.4
1546,3.5
1547,4.6
1548,4.0
1549,3.8
1550,3.9
1551,3.7
1552,3.2
1553,4.0
1554,3.6
1555,4.2
1556,4.4
1557,4.2
1558,4.7
1559,3.8
1560,4.1
1561,4.2
1562,3.9
1563,4.0
1564,4.1
1565,3.8
1566,4.1
1567,4.3
1568,3.9
1569,4.2
1570,4.1
1571,4.2
1572,4.5
1573,4.1
1574,4.1
1575,3.9
1576,無
1577,3.5
1578,3.7
1579,無
1580,3.6
1581,2.7
1582,3.2
1583,無
1584,4.5
1585,3.9
1586,4.0
1587,3.9
1588,4.0
1589,3.8
1590,4.1
1591,4.6
1592,4.4
1593,3.8
1594,4.4
1595,3.8
1596,3.8
1597,3.8
1598,3.6
1599,4.0
1600,3.3
1601,3.3
1602,4.0
1603,3.7
1604,4.2
1605,3.5
1606,3.9
1607,5.0
1608,無
1609,4.3
1610,3.9
1611,4.2
1612,4.3
1613,無
1614,3.4
1615,4.2
1616,4.0
1617,4.2
1618,4.0
1619,5.0
1620,4.0
1621,3.7
1622,3.2
1623,4.4
1624,4.1
1625,無
1626,4.0
1627,4.8
1628,5.0
1629,4.4
1630,4.3
1631,無
1632,無
1633,4.0
1634,4.3
1635,4.0
1636,3.8
1637,4.4
1638,3.9
1639,4.3
1640,3.8
1641,4.0
1642,4.0
1643,4.0
1644,2.0
1645,4.0
1646,4.1
1647,3.6
1648,3.8
1649,4.1
1650,4.1
1651,4.3
1652,4.3
1653,3.5
1654,4.3
1655,4.4
1656,3.8
1657,4.0
1658,4.1
1659,4.3
1660,3.9
1661,4.7
1662,4.5
1663,4.0
1664,2.8
1665,4.3
1666,3.5
1667,4.2
1668,無
1669,4.1
1670,3.9
1671,無
1672,無
1673,4.5
1674,4.1
1675,3.9
1676,4.5
1677,4.1
1678,3.6
1679,3.8
1680,4.2
1681,4.3
1682,3.8
1683,5.0
1684,3.9
1685,3.8
1686,4.0
1687,4.1
1688,4.3
1689,4.2
1690,4.4
1691,4.0
1692,3.7
1693,3.8
1694,4.4
1695,3.7
1696,5.0
1697,4.6
1698,4.2
1699,3.4
1700,4.2
1701,4.9
1702,3.9
1703,無
1704,3.9
1705,3.9
1706,4.5
1707,4.3
1708,3.4
1709,3.8
1710,4.1
1711,4.5
1712,4.4
1713,4.1
1714,4.3
1715,2.9
1716,4.3
1717,無
1718,4.7
1719,5.0
1720,3.5
1721,4.4
1722,無
1723,4.2
1724,3.7
1725,4.7
1726,5.0
1727,4.4
1728,4.3
1729,3.6
1730,3.9
1731,3.8
1732,3.8
1733,無
1734,4.7
1735,3.7
1736,4.3
1737,3.8
1738,4.1
1739,4.2
1740,4.0
1741,5.0
1742,4.1
1743,4.4
1744,4.0
1745,無
1746,3.7
1747,4.0
1748,3.6
1749,4.0
1750,3.4
1751,5.0
1752,5.0
1753,4.6
1754,3.9
1755,4.2
1756,4.2
1757,3.4
1758,3.2
1759,3.5
1760,4.2
1761,4.0
1762,4.6
1763,無
1764,4.0
1765,4.0
1766,3.6
1767,3.7
1768,4.4
1769,無
1770,5.0
1771,4.2
1772,無
1773,3.9
1774,3.9
1775,3.7
1776,5.0
1777,無
1778,4.8
1779,4.1
1780,4.0
1781,4.3
1782,3.9
1783,4.2
1784,3.8
1785,5.0
1786,4.1
1787,4.0
1788,4.1
1789,4.3
1790,3.8
1791,3.0
1792,3.8
1793,4.2
1794,4.7
1795,4.3
1796,4.2
1797,4.4
1798,3.9
1799,3.8
1800,4.2
1801,3.5
1802,4.0
1803,4.2
1804,4.2
1805,4.3
1806,無
1807,4.0
1808,4.0
1809,4.3
1810,4.1
1811,4.2
1812,無
1813,3.0
1814,無
1815,4.3
1816,5.0
1817,4.9
1818,無
1819,無
1820,無
1821,無
1822,無
1823,無
1824,4.1
1825,4.1
1826,4.1
1827,無
1828,4.3
1829,無
1830,4.5
1831,4.0
1832,無
1833,4.2
1834,4.6
1835,4.3
1836,3.8
1837,5.0
1838,4.0
1839,3.8
1840,3.8
1841,4.0
1842,3.9
1843,4.1
1844,4.5
1845,4.5
1846,5.0
1847,4.1
1848,無
1849,4.4
1850,4.2
1851,4.1
1852,4.3
1853,無
1854,4.3
1855,4.2
1856,4.2
1857,4.0
1858,3.5
1859,3.6
1860,4.3
1861,無
1862,4.4
1863,無
1864,無
1865,4.0
1866,5.0
1867,3.7
1868,5.0
1869,4.0
1870,無
1871,4.2
1872,3.5
1873,無
1874,5.0
1875,3.9
1876,4.1
1877,3.6
1878,3.9
1879,3.7
1880,4.2
1881,3.9
1882,5.0
1883,無
1884,無
1885,無
1886,4.1
1887,3.8
1888,4.2
1889,3.9
1890,4.3
1891,4.7
1892,無
1893,3.7
1894,無
1895,4.1
1896,3.6
1897,4.2
1898,無
1899,4.0
1900,3.8
1901,3.8
1902,3.9
1903,4.3
1904,4.4
1905,3.8
1906,3.0
1907,4.2
1908,3.8
1909,4.2
1910,4.2
1911,4.1
1912,4.1
1913,4.1
1914,4.3
1915,3.4
1916,4.2
1917,4.9
1918,無
1919,4.0
1920,3.0
1921,無
1922,3.8
1923,3.9
1924,3.8
1925,4.0
1926,3.8
1927,4.0
1928,4.0
1929,3.7
1930,4.2
1931,4.5
1932,3.8
1933,4.0
1934,4.0
1935,3.8
1936,4.3
1937,4.0
1938,4.2
1939,4.0
1940,4.8
1941,4.1
1942,無
1943,3.4
1944,4.5
1945,3.9
1946,4.0
1947,3.4
1948,4.4
1949,4.6
1950,4.6
1951,4.1
1952,4.0
1953,無
1954,4.5
1955,4.0
1956,4.5
1957,4.0
1958,4.2
1959,3.7
1960,3.9
1961,4.4
1962,無
1963,3.9
1964,4.0
1965,4.7
1966,4.7
1967,4.1
1968,3.6
1969,3.9
1970,3.8
1971,無
1972,4.1
1973,4.3
1974,4.2
1975,4.1
1976,3.8
1977,4.3
1978,4.8
1979,4.2
1980,4.0
1981,4.6
1982,4.3
1983,3.9
1984,5.0
1985,4.1
1986,無
1987,無
1988,5.0
1989,4.4
1990,4.1
1991,4.5
1992,4.1
1993,3.9
1994,無
1995,4.4
1996,4.1
1997,無
1998,4.7
1999,2.9
2000,無
2001,無
2002,4.5
2003,1.3
2004,3.3
2005,4.2
2006,3.2
2007,4.1
2008,4.7
2009,4.7
2010,3.6
2011,4.0
2012,4.4
2013,4.1
2014,4.3
2015,4.2
2016,4.3
2017,4.2
2018,4.0
2019,4.4
2020,4.9
2021,5.0
2022,5.0
2023,無
2024,4.2
2025,3.9
2026,5.0
2027,3.8
2028,4.4
2029,4.4
2030,4.0
2031,4.3
2032,4.3
2033,4.2
2034,4.3
2035,3.9
2036,4.2
2037,4.3
2038,4.4
2039,4.1
2040,3.8
2041,4.0
2042,3.2
2043,4.4
2044,2.9
2045,3.5
2046,3.8
2047,4.3
2048,3.7
2049,無
2050,4.2
2051,4.2
2052,3.9
2053,4.3
2054,4.4
2055,4.1
2056,3.8
2057,3.4
2058,2.9
2059,3.2
2060,2.8
2061,3.6
2062,3.6
2063,3.7
2064,3.5
2065,3.8
2066,3.3
2067,3.8
2068,4.0
2069,4.2
2070,4.4
2071,3.2
2072,4.1
2073,3.9
2074,3.9
2075,4.0
2076,3.1
2077,3.3
2078,3.6
2079,3.8
2080,3.1
2081,2.9
2082,1.0
2083,3.8
2084,3.0
2085,3.9
2086,4.0
2087,3.6
2088,3.1
2089,3.8
2090,4.0
2091,4.2
2092,4.1
2093,3.4
2094,3.2
2095,4.4
2096,3.5
2097,3.2
2098,3.6
2099,3.8
2100,3.1
2101,無
2102,3.9
2103,4.0
2104,2.8
2105,3.3
2106,3.5
2107,無
2108,2.9
2109,3.3
2110,3.8
2111,無
2112,3.4
2113,4.3
2114,3.8
2115,4.0
2116,4.0
2117,3.6
2118,3.3
2119,4.1
2120,4.5
2121,3.8
2122,3.9
2123,4.2
2124,4.5
2125,3.8
2126,4.2
2127,2.7
2128,3.4
2129,4.1
2130,3.5
2131,3.5
2132,4.1
2133,無
2134,3.7
2135,3.8
2136,8/10
2137,無
2138,3.9
2139,3.6
2140,3.7
2141,4.2
2142,4.2
2143,3.5
2144,4.2
2145,4.0
2146,3.6
2147,3.6
2148,3.3
2149,3.6
2150,無
2151,3.6
2152,4.0
2153,3.1
2154,4.3
2155,7/10
2156,8.4/10
2157,4.2
2158,3.8
2159,3.5
2160,3.4
2161,4.2
2162,4.3
2163,3.6
2164,4.3
2165,3.8
2166,3.7
2167,3.6
2168,3.8
2169,3.9
2170,4.6
2171,4.2
2172,3.5
2173,2.5
2174,4.1
2175,3.6
2176,2.8
2177,2.9
2178,3.7
2179,4.6
2180,無
2181,4.3
2182,2.8
2183,4.0
2184,3.9
2185,3.3
2186,4.7
2187,2.6
2188,3.7
2189,3.0
2190,3.3
2191,3.8
2192,2.7
2193,3.0
2194,4.3
2195,3.6
2196,3.9
2197,無
2198,2.8
2199,4.0
2200,3.8
2201,3.5
2202,4.0
2203,3.6
2204,3.8
2205,4.3
2206,4.0
2207,3.9
2208,3.7
2209,4.3
2210,4.5
2211,3.6
2212,4.0
2213,4.0
2214,3.9
2215,4.3
2216,4.5
2217,4.5
2218,4.0
2219,4.7
2220,4.4
2221,4.3
2222,3.4
2223,4.3
2224,無
2225,4.8
2226,4.4
2227,4.2
2228,3.3
2229,2.9
2230,4.6
2231,4.5
2232,4.0
2233,3.1
2234,3.2
2235,4.4
2236,4.1
2237,4.3
2238,4.3
2239,無
2240,3.8
2241,4.2
2242,5.0
2243,4.2
2244,4.1
2245,4.5
2246,4.1
2247,3.3
2248,無
2249,1.0
2250,4.1
2251,4.1
2252,3.5
2253,4.7
2254,3.8
2255,3.8
2256,3.6
2257,4.2
2258,4.5
2259,無
2260,4.3
2261,4.7
2262,4.4
2263,4.5
2264,4.3
2265,3.9
2266,4.4
2267,3.8
2268,3.8
2269,4.3
2270,3.6
2271,3.6
2272,4.1
2273,3.8
2274,3.6
2275,無
2276,4.1
2277,無
2278,4.1
2279,4.2
2280,3.6
2281,5.0
2282,4.3
2283,4.4
2284,4.1
2285,4.5
2286,3.3
2287,3.3
2288,4.2
2289,4.8
2290,4.2
2291,4.3
2292,3.8
2293,3.9
2294,4.3
2295,4.5
2296,4.8
2297,4.1
2298,4.0
2299,4.3
2300,4.5
2301,4.0
2302,4.0
2303,4.3
2304,4.4
2305,4.7
2306,4.4
2307,4.6
2308,4.9
2309,8.4/10
2310,4.5
2311,4.8
2312,4.8
2313,4.3
2314,4.8
2315,4.5
2316,4.6
2317,4.8
2318,4.8
2319,4.8
2320,4.5
2321,4.7
2322,4.6
2323,4.2
2324,4.4
2325,4.2
2326,4.8
2327,4.5
2328,4.9
2329,4.5
2330,5.0
2331,4.9
2332,8.9/10
2333,4.5
2334,5.0
2335,4.9
2336,4.1
2337,4.5
2338,4.7
2339,4.9
2340,5.0
2341,無
2342,4.7
2343,4.5
2344,無
2345,4.4
2346,4.6
2347,4.7
2348,3.7
2349,4.7
2350,5.0
2351,4.3
2352,5.0
2353,4.4
2354,4.7
2355,4.9
2356,4.9
2357,4.9
2358,4.3
2359,4.8
2360,5.0
2361,4.5
2362,4.9
2363,4.9
2364,4.9
2365,5.0
2366,4.9
2367,4.5
2368,4.7
2369,4.4
2370,4.9
2371,4.8
2372,4.2
2373,無
2374,4.8
2375,4.9
2376,4.9
2377,4.9
2378,4.8
2379,4.2
2380,4.8
2381,4.9
2382,4.6
2383,7.9/10
2384,4.6
2385,4.4
2386,4.7
2387,3.9
2388,4.2
2389,4.5
2390,4.4
2391,4.7
2392,4.4
2393,4.3
2394,4.8
2395,4.9
2396,4.5
2397,無
2398,4.7
2399,3.9
2400,4.1
2401,4.2
2402,4.5
2403,4.3
2404,4.5
2405,4.8
2406,4.7
2407,4.4
2408,4.6
2409,4.9
2410,4.9
2411,4.8
2412,4.5
2413,4.5
2414,4.8
2415,3.3
2416,3.9
2417,4.8
2418,4.6
2419,4.1
2420,5.0
2421,4.9
2422,3.6
2423,4.1
2424,4.7
2425,3.9
2426,4.8
2427,無
2428,4.9
2429,4.6
2430,4.2
2431,4.4
2432,4.5
2433,4.9
2434,4.1
2435,5.0
2436,4.3
2437,3.9
2438,4.4
2439,4.8
2440,4.9
2441,4.4
2442,7.3/10
2443,4.9
2444,4.4
2445,4.5
2446,4.9
2447,4.5
2448,4.1
2449,4.9
2450,4.8
2451,4.9
2452,無
2453,4.9
2454,3.8
2455,4.5
2456,4.2
2457,4.9
2458,2.9
2459,4.7
2460,4.3
2461,3.8
2462,4.2
2463,4.9
2464,4.6
2465,4.8
2466,4.9
2467,4.8
2468,4.2
2469,3.9
2470,4.9
2471,4.5
2472,4.7
2473,無
2474,4.1
2475,3.2
2476,4.8
2477,4.9
2478,7.8/10
2479,4.9
2480,4.5
2481,4.0
2482,無
2483,4.9
2484,3.7
2485,4.4
2486,4.0
2487,3.9
2488,4.6
2489,1.0
2490,2.0
2491,4.6
2492,4.9
2493,4.4
2494,4.9
2495,4.8
2496,4.8
2497,4.7
2498,4.8
2499,4.9
2500,4.8
2501,4.8
2502,5.0
2503,4.9
2504,無
2505,4.6
2506,4.9
2507,無
2508,4.9
2509,4.8
2510,5.0
2511,5.0
2512,4.4
2513,4.5
2514,4.9
2515,4.8
2516,4.9
2517,4.5
2518,4.8
2519,5.0
2520,4.7
2521,無
2522,4.5
2523,4.3
2524,4.8
2525,8.4/10
2526,4.9
2527,5.0
2528,無
2529,4.9
2530,4.9
2531,4.8
2532,4.8
2533,4.7
2534,4.0
2535,4.1
2536,4.1
2537,3.9
2538,4.3
2539,2.9
2540,4.9
2541,4.4
2542,4.9
2543,4.9
2544,4.6
2545,4.5
2546,3.8
2547,4.4
2548,3.7
2549,3.5
2550,4.4
2551,4.0
2552,4.9
2553,4.6
2554,4.5
2555,無
2556,4.7
2557,4.5
2558,4.9
2559,4.9
2560,4.6
2561,5.0
2562,4.6
2563,4.9
2564,4.6
2565,5.0
2566,4.8
2567,4.7
2568,5.0
2569,4.0
2570,4.3
2571,5.0
2572,4.8
2573,4.9
2574,無
2575,4.8
2576,4.7
2577,4.9
2578,4.8
2579,4.9
2580,4.6
2581,4.3
2582,4.2
2583,2.9
2584,5.0
2585,4.0
2586,4.8
2587,4.8
2588,5.0
2589,4.5
2590,5.0
2591,4.0
2592,5.0
2593,8.6/10
2594,3.8
2595,5.0
2596,4.9
2597,4.9
2598,4.8
2599,4.4
2600,8.5/10
2601,5.0
2602,5.0
2603,4.9
2604,5.0
2605,無
2606,4.4
2607,4.8
2608,4.6
2609,5.0
2610,3.5
2611,4.4
2612,4.7
2613,5.0
2614,5.0
2615,4.3
2616,4.6
2617,4.4
2618,4.9
2619,5.0
2620,4.8
2621,4.8
2622,無
2623,4.6
2624,5.0
2625,5.0
2626,4.5
2627,4.4
2628,4.9
2629,5.0
2630,5.0
2631,9.2/10
2632,4.5
2633,4.8
2634,5.0
2635,4.4
2636,7.9/10
2637,5.0
2638,4.5
2639,4.0
2640,4.0
2641,4.8
2642,5.0
2643,4.9
2644,4.7
2645,4.8
2646,4.1
2647,無
2648,5.0
2649,無
2650,無
2651,無
2652,5.0
2653,4.0
2654,無
2655,5.0
2656,4.5
2657,5.0
2658,4.3
2659,4.9
2660,5.0
2661,4.9
2662,無
2663,無
2664,無
2665,4.4
2666,5.0
2667,4.8
2668,4.6
2669,4.7
2670,5.0
2671,5.0
2672,4.5
2673,4.8
2674,5.0
2675,4.4
2676,無
2677,4.3
2678,9.6/10
2679,無
2680,5.0
2681,5.0
2682,8.8/10
2683,4.6
2684,5.0
2685,5.0
2686,5.0
2687,4.8
2688,5.0
2689,5.0
2690,4.7
2691,無
2692,無
2693,5.0
2694,無
2695,無
2696,無
2697,5.0
2698,5.0
2699,5.0
2700,5.0
2701,4.3
2702,3.9
2703,3.9
2704,4.0
2705,4.3
2706,3.7
2707,4.4
2708,3.6
2709,4.1
2710,3.9
2711,4.4
2712,4.1
2713,3.8
2714,3.9
2715,3.5
2716,4.4
2717,4.4
2718,4.1
2719,4.4
2720,3.7
2721,4.3
2722,3.7
2723,4.3
2724,3.8
2725,4.1
2726,4.2
2727,4.2
2728,3.9
2729,3.9
2730,4.2
2731,4.6
2732,3.3
2733,3.5
2734,4.4
2735,3.8
2736,4.7
2737,5.0
2738,3.8
2739,3.9
2740,3.3
2741,4.3
2742,4.0
2743,4.2
2744,4.8
2745,4.5
2746,4.4
2747,4.2
2748,3.7
2749,3.9
2750,3.7
2751,2.7
2752,4.1
2753,4.1
2754,4.2
2755,4.1
2756,4.0
2757,4.2
2758,4.0
2759,4.3
2760,4.5
2761,3.9
2762,3.9
2763,3.5
2764,4.4
2765,4.4
2766,4.5
2767,4.0
2768,3.8
2769,3.7
2770,3.6
2771,4.5
2772,4.4
2773,2.4
2774,4.2
2775,4.4
2776,4.7
2777,3.7
2778,3.9
2779,4.6
2780,4.0
2781,4.0
2782,4.1
2783,3.8
2784,4.2
2785,4.2
2786,無
2787,4.0
2788,無
2789,4.3
2790,4.1
2791,3.9
2792,無
2793,3.8
2794,無
2795,5.0
2796,4.0
2797,4.0
2798,5.0
2799,4.2
2800,4.0
2801,3.4
2802,4.0
2803,3.7
2804,4.4
2805,3.3
2806,4.2
2807,4.2
2808,4.3
2809,4.4
2810,4.6
2811,4.2
2812,4.3
2813,4.1
2814,3.8
2815,3.9
2816,3.9
2817,4.3
2818,4.2
2819,4.4
2820,4.1
2821,3.9
2822,4.1
2823,4.3
2824,3.8
2825,4.2
2826,3.5
2827,4.0
2828,4.0
2829,4.3
2830,3.7
2831,4.2
2832,4.0
2833,4.3
2834,4.0
2835,無
2836,4.3
2837,4.3
2838,4.2
2839,4.5
2840,3.8
2841,4.0
2842,3.1
2843,3.6
2844,4.0
2845,3.9
2846,4.1
2847,4.2
2848,4.6
2849,4.2
2850,4.3
2851,3.5
2852,4.3
2853,4.2
2854,4.0
2855,4.2
2856,4.4
2857,4.1
2858,5.0
2859,4.6
2860,4.3
2861,4.4
2862,3.8
2863,4.0
2864,4.3
2865,無
2866,4.1
2867,4.2
2868,3.9
2869,3.7
2870,4.3
2871,3.8
2872,3.9
2873,3.8
2874,4.2
2875,4.0
2876,4.1
2877,4.1
2878,3.5
2879,4.0
2880,4.5
2881,4.2
2882,4.3
2883,4.0
2884,3.8
2885,3.8
2886,4.1
2887,4.1
2888,4.2
2889,4.0
2890,4.2
2891,3.8
2892,4.2
2893,3.0
2894,3.7
2895,4.1
2896,2.9
2897,3.9
2898,4.0
2899,4.3
2900,4.2
2901,4.1
2902,4.4
2903,4.2
2904,3.7
2905,4.3
2906,3.9
2907,4.0
2908,4.1
2909,3.5
2910,3.4
2911,3.4
2912,4.2
2913,4.1
2914,3.8
2915,3.6
2916,4.0
2917,3.9
2918,4.0
2919,3.9
2920,3.8
2921,4.2
2922,4.1
2923,4.4
2924,4.1
2925,3.6
2926,4.1
2927,4.4
2928,4.2
2929,4.2
2930,3.9
2931,3.9
2932,4.2
2933,4.0
2934,4.2
2935,3.7
2936,4.2
2937,4.2
2938,4.2
2939,4.1
2940,4.0
2941,4.0
2942,4.3
2943,3.9
2944,4.1
2945,4.5
2946,4.0
2947,4.1
2948,2.9
2949,4.2
2950,4.4
2951,4.1
2952,3.7
2953,4.3
2954,3.8
2955,3.5
2956,3.9
2957,4.2
2958,4.3
2959,4.0
2960,3.6
2961,3.8
2962,3.7
2963,3.9
2964,3.7
2965,3.6
2966,4.2
2967,無
2968,4.2
2969,4.0
2970,4.0
2971,4.4
2972,4.5
2973,4.3
2974,4.3
2975,4.1
2976,4.2
2977,4.5
2978,4.3
2979,4.2
2980,4.2
2981,4.0
2982,4.0
2983,4.3
2984,無
2985,3.8
2986,4.2
2987,4.2
2988,4.0
2989,3.9
2990,4.2
2991,3.8
2992,4.0
2993,3.6
2994,4.2
2995,5.0
2996,4.2
2997,4.2
2998,4.4
2999,4.1
3000,4.3
3001,4.3
3002,4.5
3003,4.2
3004,4.0
3005,3.9
3006,5.0
3007,4.3
3008,4.4
3009,3.8
3010,3.8
3011,4.2
3012,4.1
3013,4.3
3014,4.1
3015,4.0
3016,4.0
3017,3.9
3018,4.4
3019,4.2
3020,4.1
3021,4.0
3022,4.0
3023,4.7
3024,4.2
3025,4.2
3026,4.6
3027,4.1
3028,4.5
3029,3.8
3030,4.1
3031,4.2
3032,4.4
3033,4.1
3034,3.6
3035,3.9
3036,4.0
3037,3.0
3038,4.0
3039,無
3040,4.0
3041,3.9
3042,4.1
3043,4.1
3044,4.3
3045,3.3
3046,4.3
3047,3.9
3048,4.0
3049,3.8
3050,4.5
3051,4.3
3052,4.6
3053,4.0
3054,4.1
3055,4.1
3056,4.3
3057,4.1
3058,4.2
3059,4.3
3060,4.4
3061,3.8
3062,4.2
3063,4.0
3064,4.1
3065,5.0
3066,2.7
3067,3.9
3068,3.8
3069,4.3
3070,4.1
3071,4.2
3072,4.1
3073,4.1
3074,3.9
3075,4.3
3076,4.0
3077,4.0
3078,4.0
3079,3.3
3080,4.3
3081,4.4
3082,4.3
3083,4.1
3084,4.0
3085,4.4
3086,4.0
3087,4.3
3088,4.6
3089,3.8
3090,4.0
3091,4.3
3092,4.5
3093,4.2
3094,4.0
3095,4.0
3096,4.3
3097,4.3
3098,4.2
3099,4.0
3100,4.2
3101,3.9
3102,4.2
3103,4.2
3104,4.5
3105,3.6
3106,3.0
3107,4.1
3108,4.8
3109,4.2
3110,無
3111,4.2
3112,3.8
3113,3.0
3114,4.2
3115,4.4
3116,4.1
3117,3.8
3118,4.4
3119,3.9
3120,4.6
3121,4.1
3122,3.7
3123,4.1
3124,4.1
3125,3.9
3126,4.0
3127,3.6
3128,3.9
3129,4.7
3130,無
3131,4.4
3132,4.5
3133,4.4
3134,4.0
3135,4.3
3136,無
3137,3.9
3138,3.8
3139,3.8
3140,3.9
3141,4.5
3142,無
3143,4.3
3144,3.9
3145,4.2
3146,4.1
3147,4.3
3148,4.1
3149,4.6
3150,4.1
3151,4.0
3152,4.6
3153,無
3154,3.9
3155,4.0
3156,4.3
3157,4.2
3158,4.1
3159,4.8
3160,4.0
3161,3.9
3162,4.1
3163,4.4
3164,4.4
3165,4.3
3166,4.7
3167,4.2
3168,4.2
3169,4.1
3170,4.0
3171,4.0
3172,4.0
3173,4.1
3174,4.1
3175,4.4
3176,4.0
3177,3.7
3178,4.3
3179,4.1
3180,3.9
3181,4.0
3182,4.4
3183,4.0
3184,4.2
3185,4.0
3186,4.1
3187,4.9
3188,5.0
3189,4.3
3190,4.4
3191,2.4
3192,4.5
3193,4.8
3194,3.0
3195,3.6
3196,3.9
3197,4.4
3198,4.3
3199,4.4
3200,4.3
3201,4.2
3202,4.1
3203,4.1
3204,4.2
3205,4.1
3206,4.1
3207,4.2
3208,4.2
3209,3.3
3210,4.6
3211,4.7
3212,3.0
3213,4.5
3214,4.2
3215,3.5
3216,4.3
3217,4.4
3218,4.1
3219,4.2
3220,3.9
3221,4.1
3222,5.0
3223,3.9
3224,5.0
3225,4.5
3226,4.4
3227,4.7
3228,4.0
3229,4.4
3230,3.6
3231,4.2
3232,4.6
3233,4.2
3234,4.3
3235,4.5
3236,4.3
3237,4.3
3238,3.8
3239,3.8
3240,4.4
3241,4.2
3242,4.7
3243,4.5
3244,4.3
3245,4.3
3246,4.5
3247,4.8
3248,4.6
3249,4.6
3250,5.0
3251,4.0
3252,4.0
3253,4.1
3254,4.3
3255,4.5
3256,4.6
3257,4.3
3258,4.1
3259,3.8
3260,4.5
3261,4.3
3262,4.3
3263,4.3
3264,4.0
3265,4.1
3266,5.0
3267,3.7
3268,4.2
3269,4.4
3270,4.5
3271,4.1
3272,4.3
3273,4.2
3274,4.3
3275,4.4
3276,4.4
3277,4.4
3278,4.3
3279,4.2
3280,4.3
3281,無
3282,4.4
3283,4.3
3284,4.2
3285,4.5
3286,4.4
3287,4.1
3288,4.2
3289,4.3
3290,4.1
3291,4.2
3292,4.0
3293,4.7
3294,4.3
3295,3.9
3296,4.1
3297,4.5
3298,4.4
3299,4.1
3300,無
3301,4.4
3302,4.2
3303,3.9
3304,4.5
3305,4.1
3306,4.3
3307,4.2
3308,4.0
3309,4.2
3310,5.0
3311,4.4
3312,4.8
3313,4.7
3314,4.2
3315,4.0
3316,3.6
3317,4.6
3318,4.0
3319,4.4
3320,3.8
3321,4.1
3322,4.6
3323,5.0
3324,4.2
3325,4.3
3326,4.4
3327,4.8
3328,4.6
3329,4.6
3330,4.1
3331,3.6
3332,4.5
3333,4.8
3334,4.0
3335,4.2
3336,4.5
3337,4.6
3338,4.7
3339,4.6
3340,4.8
3341,5.0
3342,5.0
3343,4.4
3344,4.2
3345,4.8
3346,5.0
3347,4.2
3348,4.7
3349,4.0
3350,4.0
3351,無
3352,無
3353,無
3354,4.5
3355,4.4
3356,4.3
3357,3.9
3358,4.1
3359,4.5
3360,4.3
3361,無
3362,無
3363,4.7
3364,4.7
3365,4.4
3366,無
3367,4.2
3368,4.2
3369,5.0
3370,3.8
3371,4.6
3372,4.0
3373,4.7
3374,4.4
3375,4.2
3376,4.0
3377,無
3378,4.7
3379,4.7
3380,4.0
3381,4.2
3382,4.9
3383,3.7
3384,4.9
3385,2.7
3386,5.0
3387,4.3
3388,3.8
3389,4.1
3390,4.3
3391,3.5
3392,4.5
3393,3.6
3394,4.9
3395,3.8
3396,4.0
3397,4.3
3398,4.8
3399,4.8
3400,4.4
3401,4.2
3402,4.5
3403,4.2
3404,5.0
3405,4.1
3406,無
3407,無
3408,4.0
3409,4.3
3410,4.3
3411,4.8
3412,4.4
3413,4.4
3414,4.2
3415,5.0
3416,4.3
3417,4.5
3418,4.3
3419,4.6
3420,4.4
3421,4.6
3422,4.0
3423,4.5
3424,4.5
3425,無
3426,4.9
3427,4.4
3428,無
3429,4.3
3430,4.2
3431,無
3432,無
3433,5.0
3434,無
3435,無
3436,無
3437,無
3438,5.0
3439,4.1
3440,無
3441,無
3442,無
3443,4.5
3444,5.0
3445,3.5
3446,4.5
3447,無
3448,5.0
3449,無
3450,無
3451,5.0
3452,4.5
3453,4.5
3454,3.9
3455,4.1
3456,4.2
3457,4.1
3458,4.1
3459,3.9
3460,4.1
3461,4.1
3462,4.2
3463,4.4
3464,4.5
3465,3.9
3466,4.6
3467,4.7
3468,4.1
3469,4.3
3470,3.8
3471,4.0
3472,4.7
3473,3.9
3474,4.7
3475,3.9
3476,3.1
3477,4.3
3478,無
3479,4.5
3480,4.2
3481,4.8
3482,5.0
3483,4.9
3484,4.5
3485,4.3
3486,4.2
3487,3.9
3488,4.5
3489,4.4
3490,4.3
3491,4.5
3492,4.6
3493,4.8
3494,4.7
3495,5.0
3496,3.9
3497,4.5
3498,5.0
3499,無
3500,4.7
3501,3.7
3502,4.3
3503,5.0
3504,5.0
3505,5.0
3506,5.0
3507,3.9
3508,5.0
3509,5.0
3510,4.3
3511,4.3
3512,5.0
3513,4.9
3514,4.7
3515,4.5
3516,4.6
3517,4.9
3518,4.4
3519,3.5
3520,4.8
3521,5.0
3522,無
3523,4.7
3524,3.3
3525,4.9
3526,4.4
3527,無
3528,4.4
3529,5.0
3530,3.8
3531,4.4
3532,無
3533,5.0
3534,3.9
3535,4.3
3536,4.2
3537,4.1
3538,5.0
3539,4.1
3540,4.0
3541,4.1
3542,4.2
3543,3.8
3544,3.9
3545,4.7
3546,5.0
3547,3.7
3548,4.2
3549,4.4
3550,4.3
3551,4.5
3552,4.4
3553,3.8
3554,5.0
3555,4.1
3556,4.3
3557,4.0
3558,4.0
3559,3.9
3560,3.4
3561,3.5
3562,3.7
3563,3.7
3564,無
3565,3.7
3566,4.6
3567,4.7
3568,4.0
3569,4.1
3570,無
3571,4.0
3572,3.9
3573,4.1
3574,4.1
3575,4.1
3576,4.0
3577,4.0
3578,4.0
3579,4.1
3580,4.1
3581,4.1
3582,4.2
3583,3.8
3584,4.1
3585,4.0
3586,4.7
3587,4.3
3588,4.7
3589,4.1
3590,3.9
3591,4.2
3592,4.7
3593,4.3
3594,4.2
3595,4.3
3596,4.3
3597,3.9
3598,3.5
3599,3.4
3600,3.4
3601,4.7
3602,4.1
3603,3.9
3604,4.1
3605,4.1
3606,4.4
3607,3.8
3608,4.3
3609,4.2
3610,4.5
3611,4.1
3612,4.0
3613,4.4
3614,4.8
3615,4.2
3616,4.4
3617,3.9
3618,3.8
3619,4.2
3620,4.0
3621,4.0
3622,4.3
3623,3.8
3624,4.4
3625,3.7
3626,4.0
3627,4.1
3628,3.8
3629,3.9
3630,4.3
3631,4.3
3632,4.4
3633,3.9
3634,3.9
3635,4.0
3636,3.8
3637,4.0
3638,無
3639,4.9
3640,4.4
3641,5.0
3642,4.7
3643,4.0
3644,4.7
3645,4.2
3646,4.3
3647,4.2
3648,4.6
3649,4.5
3650,4.3
3651,4.3
3652,4.0
3653,4.4
3654,4.9
3655,3.0
3656,2.2
3657,4.0
3658,3.7
3659,4.1
3660,4.2
3661,3.4
3662,3.9
3663,3.5
3664,4.8
3665,3.2
3666,4.2
3667,4.1
3668,4.3
3669,4.5
3670,4.5
3671,4.4
3672,4.7
3673,3.7
3674,4.6
3675,5.0
3676,5.0
3677,無
3678,無
3679,2.8
3680,1.0
3681,4.4
3682,2.3
3683,3.6
3684,3.9
3685,4.1
3686,3.2
3687,4.0
3688,4.9
3689,3.8
3690,4.1
3691,3.7
3692,4.6
3693,3.8
3694,3.5
3695,3.8
3696,4.1
3697,4.1
3698,4.1
3699,4.1
3700,4.3
3701,4.2
3702,4.0
3703,4.1
3704,4.2
3705,4.0
3706,4.0
3707,4.3
3708,4.3
3709,4.3
3710,4.5
3711,4.3
3712,4.3
3713,4.2
3714,4.2
3715,4.2
3716,4.1
3717,4.3
3718,3.6
3719,4.4
3720,4.4
3721,4.0
3722,3.7
3723,4.1
3724,4.1
3725,4.2
3726,4.2
3727,4.2
3728,4.2
3729,3.8
3730,4.5
3731,4.4
3732,4.3
3733,4.5
3734,4.1
3735,4.1
3736,3.8
3737,3.6
3738,4.0
3739,4.2
3740,無
3741,4.6
3742,4.3
3743,4.5
3744,4.1
3745,3.9
3746,無
3747,3.9
3748,4.1
3749,4.1
3750,4.2
3751,4.2
3752,4.2
3753,3.8
3754,4.5
3755,4.7
3756,4.0
3757,4.0
3758,4.1
3759,3.9
3760,4.3
3761,4.4
3762,4.8
3763,4.3
3764,4.7
3765,4.2
3766,4.0
3767,5.0
3768,5.0
3769,4.8
3770,4.4
3771,4.0
3772,4.1
3773,4.3
3774,4.1
3775,4.3
3776,4.3
3777,4.3
3778,4.3
3779,4.3
3780,3.9
3781,3.6
3782,4.4
3783,4.6
3784,4.3
3785,3.2
3786,4.4
3787,4.3
3788,4.5
3789,4.8
3790,4.5
3791,3.4
3792,4.1
3793,無
3794,4.3
3795,3.3
3796,3.9
3797,3.7
3798,無
3799,無
3800,3.5
3801,4.0
3802,5.0
3803,4.7
3804,4.0
3805,4.2
3806,3.6
3807,4.6
3808,4.5
3809,4.2
3810,3.8
3811,4.6
3812,3.8
3813,4.4
3814,無
3815,4.1
3816,3.9
3817,3.3
3818,3.9
3819,無
3820,4.1
3821,3.1
3822,5.0
3823,3.5
3824,無
3825,4.1
3826,4.1
3827,5.0
3828,4.7
3829,4.4
3830,4.4
3831,5.0
3832,4.4
3833,無
3834,無
3835,5.0
3836,5.0
3837,4.4
3838,4.2
3839,4.1
3840,4.1
3841,4.4
3842,4.2
3843,4.2
3844,4.0
3845,4.0
3846,4.0
3847,8/10
3848,4.1
3849,3.4
3850,3.3
3851,4.2
3852,4.1
3853,4.4
3854,3.6
3855,4.0
3856,4.7
3857,4.3
3858,4.4
3859,4.0
3860,3.8
3861,4.2
3862,4.0
3863,3.8
3864,4.1
3865,3.8
3866,3.9
3867,3.7
3868,3.8
3869,4.2
3870,3.5
3871,3.6
3872,4.0
3873,3.7
3874,3.7
3875,4.2
3876,3.4
3877,3.5
3878,3.6
3879,4.1
3880,3.8
3881,4.1
3882,3.5
3883,4.3
3884,4.5
3885,4.0
3886,4.3
3887,3.4
3888,4.1
3889,3.1
3890,3.7
3891,3.7
3892,4.1
3893,4.0
3894,3.8
3895,3.3
3896,3.8
3897,3.4
3898,3.2
3899,3.6
3900,4.2
3901,3.8
3902,4.1
3903,3.9
3904,4.1
3905,4.5
3906,7.1/10
3907,4.0
3908,無
3909,3.6
3910,3.8
3911,3.8
3912,3.9
3913,3.7
3914,3.7
3915,3.7
3916,3.2
3917,4.0
3918,3.7
3919,3.9
3920,3.2
3921,3.9
3922,4.2
3923,3.9
3924,3.5
3925,3.8
3926,3.9
3927,5.0
3928,3.9
3929,4.0
3930,3.8
3931,3.5
3932,4.1
3933,4.0
3934,3.7
3935,4.0
3936,3.7
3937,4.5
3938,4.2
3939,4.0
3940,4.6
3941,3.7
3942,4.2
3943,4.2
3944,4.4
3945,4.1
3946,3.7
3947,3.5
3948,4.0
3949,4.5
3950,6.7/10
3951,3.5
3952,3.6
3953,3.9
3954,4.3
3955,4.0
3956,4.0
3957,3.7
3958,3.5
3959,4.0
3960,3.9
3961,4.0
3962,4.0
3963,3.4
3964,3.0
3965,3.9
3966,3.8
3967,4.1
3968,4.2
3969,4.3
3970,3.5
3971,3.7
3972,3.6
3973,3.9
3974,3.7
3975,3.8
3976,4.2
3977,4.2
3978,2.3
3979,4.1
3980,4.1
3981,8/10
3982,4.2
3983,4.3
3984,4.3
3985,3.7
3986,3.6
3987,3.7
3988,3.1
3989,無
3990,3.4
3991,4.0
3992,3.2
3993,4.1
3994,4.1
3995,4.0
3996,3.5
3997,3.5
3998,4.3
3999,3.5
4000,3.8
4001,3.0
4002,4.3
4003,4.3
4004,無
4005,3.8
4006,3.8
4007,5.0
4008,3.8
4009,3.1
4010,2.9
4011,3.6
4012,3.7
4013,3.9
4014,3.9
4015,3.0
4016,3.8
4017,4.0
4018,3.1
4019,4.4
4020,4.1
4021,3.6
4022,3.6
4023,3.6
4024,3.4
4025,4.4
4026,3.9
4027,4.5
4028,3.6
4029,4.0
4030,3.8
4031,3.6
4032,4.4
4033,3.9
4034,4.0
4035,3.7
4036,3.1
4037,3.7
4038,無
4039,無
4040,3.3
4041,4.6
4042,4.1
4043,3.8
4044,3.6
4045,4.0
4046,4.0
4047,3.9
4048,3.9
4049,4.0
4050,3.7
4051,4.0
4052,無
4053,3.7
4054,3.7
4055,3.2
4056,3.6
4057,2.8
4058,5.0
4059,4.2
4060,3.3
4061,3.5
4062,3.5
4063,4.0
4064,4.5
4065,4.4
4066,4.4
4067,4.0
4068,3.7
4069,3.7
4070,3.6
4071,4.0
4072,3.6
4073,4.1
4074,3.5
4075,4.3
4076,4.5
4077,4.0
4078,4.0
4079,3.3
4080,4.0
4081,1.0
4082,3.3
4083,2.5
4084,無
4085,2.8
4086,4.0
4087,3.1
4088,1.0
4089,無
4090,4.9
4091,無
4092,無
4093,4.1
4094,4.1
4095,3.2
4096,無
4097,4.2
4098,3.4
4099,4.2
4100,4.3
4101,無
4102,3.0
4103,3.9
4104,3.8
4105,3.4
4106,3.8
4107,3.5
4108,無
4109,2.8
4110,3.8
4111,2.7
4112,4.2
4113,4.3
4114,2.9
4115,3.5
4116,3.3
4117,2.6
4118,4.4
4119,3.8
4120,3.3
4121,3.6
4122,3.2
4123,4.2
4124,3.5
4125,4.3
4126,3.7
4127,3.4
4128,4.6
4129,3.8
4130,3.7
4131,3.8
4132,2.8
4133,4.1
4134,3.4
4135,3.9
4136,2.5
4137,4.2
4138,3.8
4139,3.0
4140,4.4
4141,3.9
4142,3.1
4143,3.5
4144,無
4145,3.0
4146,3.3
4147,9/10
4148,4.1
4149,3.3
4150,1.0
4151,3.6
4152,無
4153,3.1
4154,4.7
4155,4.5
4156,4.0
4157,1.5
4158,2.8
4159,4.3
4160,3.9
4161,3.8
4162,4.9
4163,4.3
4164,4.5
4165,4.4
4166,4.4
4167,4.3
4168,4.0
4169,3.0
4170,3.6
4171,3.6
4172,4.5
4173,4.3
4174,3.8
4175,3.7
4176,3.5
4177,3.2
4178,3.6
4179,3.1
4180,3.4
4181,4.0
4182,4.6
4183,2.7
4184,3.5
4185,3.7
4186,5.0
4187,3.8
4188,2.3
4189,4.4
4190,3.0
4191,4.0
4192,2.8
4193,4.0
4194,3.6
4195,4.0
4196,3.4
4197,3.5
4198,3.3
4199,2.8
4200,3.5
4201,3.0
4202,3.6
4203,2.8
4204,3.3
4205,無
4206,3.8
4207,4.0
4208,3.8
4209,3.6
4210,3.9
4211,3.8
4212,3.1
4213,2.5
4214,4.3
4215,4.3
4216,4.2
4217,4.1
4218,3.5
4219,3.6
4220,3.7
4221,3.2
4222,3.2
4223,無
4224,3.7
4225,4.0
4226,4.0
4227,2.8
4228,4.3
4229,3.3
4230,4.6
4231,4.3
4232,4.0
4233,4.0
4234,4.4
4235,無
4236,3.2
4237,3.6
4238,4.6
4239,4.6
4240,4.1
4241,4.4
4242,4.7
4243,4.4
4244,無
4245,4.5
4246,4.4
4247,4.3
4248,4.3
4249,4.5
4250,4.2
4251,無
4252,4.0
4253,4.2
4254,無
4255,3.9
4256,4.5
4257,4.1
4258,4.5
4259,4.0
4260,3.9
4261,3.6
4262,無
4263,5.0
4264,4.0
4265,4.5
4266,3.8
4267,3.8
4268,4.5
4269,4.5
4270,4.3
4271,4.2
4272,無
4273,無
4274,無
4275,無
4276,無
4277,無
4278,無
4279,無
4280,無
4281,無
4282,無
4283,無
4284,3.9
4285,3.9
4286,3.9
4287,無
4288,4.4
4289,3.7
4290,4.2
4291,3.7
4292,3.8
4293,3.6
4294,4.2
4295,4.3
4296,4.0
4297,3.3
4298,3.3
4299,4.1
4300,3.5
4301,3.6
4302,4.0
4303,4.0
4304,3.7
4305,3.9
4306,4.3
4307,3.8
4308,4.0
4309,3.7
4310,3.7
4311,4.0
4312,3.8
4313,4.1
4314,3.4
4315,3.9
4316,3.5
4317,3.3
4318,4.6
4319,3.9
4320,4.0
4321,4.1
4322,3.6
4323,2.7
4324,3.5
4325,3.5
4326,4.0
4327,3.2
4328,3.9
4329,3.5
4330,4.3
4331,3.4
4332,3.8
4333,4.0
4334,3.3
4335,3.4
4336,3.3
4337,4.5
4338,4.2
4339,3.9
4340,3.8
4341,4.2
4342,3.6
4343,4.0
4344,4.1
4345,3.9
4346,3.9
4347,3.9
4348,4.0
4349,4.3
4350,3.9
4351,4.1
4352,4.6
4353,3.9
4354,4.0
4355,4.3
4356,4.3
4357,4.3
4358,3.7
4359,4.8
4360,4.3
4361,3.9
4362,4.7
4363,4.8
4364,4.9
4365,4.5
4366,4.4
4367,3.3
4368,4.7
4369,4.5
4370,4.7
4371,無
4372,4.9
4373,無
4374,4.3
4375,4.1
4376,4.1
4377,4.3
4378,4.3
4379,4.3
4380,4.1
4381,無
4382,4.0
4383,無
4384,4.4
